对应 pycharmproject 的pytorch-image-classification-master-NasNet-Vsersion文件夹。




1.  以下是  resnet 101 layers‘s results.


修改：修改model.py里的    model = torchvision.models.resnet101(pretrained=True)  即可。 


会从  https://s3.amazonaws.com/pytorch/models/resnet152-b121ed2d.pth"  下载模型。


                               |------------ VALID -------------|----------- TRAIN -------------|         
lr           iter     epoch    | loss   top-1  top-2            | loss   top-1  top-2           |  time   
----------------------------------------------------------------------------------------------------
0.00100000   0.5      0.0      | 0.608  82.421  93.095        | 1.793  58.713  67.907        |  0 hr 01 min
0.00100000   1.5      1.0      | 0.389  89.563  97.381        | 0.950  77.698  84.495        |  0 hr 02 min
0.00100000   2.5      2.0      | 0.188  96.746  98.532        | 0.674  83.960  89.666        |  0 hr 04 min
0.00100000   3.5      3.0      | 0.130  97.024  98.849        | 0.534  87.056  92.213        |  0 hr 06 min
0.00100000   4.5      4.0      | 0.128  97.302  99.206        | 0.442  89.277  93.797        |  0 hr 08 min
0.00010000   5.5      5.0      | 0.125  97.421  99.087        | 0.377  90.837  94.866        |  0 hr 10 min
0.00010000   6.5      6.0      | 0.122  97.302  99.206        | 0.327  92.001  95.625        |  0 hr 12 min
0.00010000   7.5      7.0      | 0.112  97.619  99.325        | 0.291  92.878  96.179        |  0 hr 13 min
0.00010000   8.5      8.0      | 0.117  97.579  99.167        | 0.263  93.577  96.624        |  0 hr 15 min
0.00010000   9.5      9.0      | 0.110  97.778  99.286        | 0.240  94.145  96.972        |  0 hr 17 min
0.00001000  10.5     10.0      | 0.105  97.778  99.444        | 0.221  94.609  97.256        |  0 hr 19 min
0.00001000  11.5     11.0      | 0.107  97.738  99.206        | 0.205  94.996  97.487        |  0 hr 21 min
0.00001000  12.5     12.0      | 0.109  97.778  99.365        | 0.192  95.333  97.685        |  0 hr 22 min
0.00001000  13.5     13.0      | 0.098  97.937  99.365        | 0.181  95.624  97.848        |  0 hr 24 min

